PlagarismDetector 
 17 17 17 17 17  8 17  9 17  4  4 17  5  5 17 17 17  2 17 17 17 16 17 17  8 17 17  9 17 17 17 17 17 17 17 17 17 17 17 17 17 17 17  8 17 17  9 17 17 17 17 17 17 17 17 17 17 17 17 17 17 17 17 17 17 17 17 17 17 17 17 17 17 17 17 17 17 17 17 17 17 17
bills_01.c 
 15 15  1 17 17  4  1 17  5  1 17  4  1 17  1 17  1 17  1 17  5  1 17  4  1 17  1 17  1 17  1 17  5  1 17  4  1  5  8  1 17  1 17  1 17  1 17  1 17 17  3  4 17 17 17 17  5  8 17 17  4 17  5 17  4 17 17 17 17  5 17  4 17 17 17 17  5 17  4 17 17 17 17  5 17  4 17 17  5  9 12  4  5  9  1 17 17  4  1 17  5  8 17  4 17 17 17 17  5 17  4 17 17  5  3  4 17 17  5  8 17  4 17 17 17 17 17 17 17 17  5 17  4 17 17  5  9  9  1 17  4  1 17  1 17  1 17  1 17  5  8 10  4 17  5 17 11 10  4 17  5 17 11 17  9  1 17  4 17 17 17 17  5  8 17  4 17 17 17 17 17 17 17  5 17  4 17 17 17 17 17 17 17 17 17  5  9
bills_02.c 
 15  1 17 17  4  1 17  5  1 17  4  1 17  1 17  1 17  1 17  5  1 17  4  1 17  1 17  1 17  1 17  5  1 17  4  1  5  8  1 17  1 17  1 17  1 17  1 17 16  8 17 17  4 17  5 17  4 17 17 17 17  5 17  4 17 17 17 17  5 17  4 17 17 17 17 17  4 17 17  5  5 17  4 17 17  5  9  3  4 17 17 17 17  5 12  4  5  9  1 17 17  4  1 17  5  8  1 17 17  4 17 17 17 17 17 17  5 17  4 17 17  5  3  4 17  5  8 17  4 17 17 17 17 17  5 17  4 17 17 17  5 17  4 17 17  5  9 17 17  9  1 17  4  1 17  1 17  1 17  1 17  5  8  1 17 17  1 17 17  1 17 17  1 17  1 17 17 17 17 17 17 17 17 17 17 17 17 17 17 17 17 17 17 17 17 17 17 17  9  1 17  4  1 17  1 17  1 17  1 17  5  8 17  4 17 17 17 17 17 17 17 17  5 17  4 17 17 17 17  5 17  4 17 17 17 17 17 17 17 17 17 17 17 17  5  9
bills_03.c 
 15  1 17 17  4  1 17  5  1 17  4  1 17  1 17  1 17  1 17  5  1 17  4  1 17  1 17  1 17  1 17  5  1 17  4  1  5  8  1 17 17 17 17  1 17 17  3  4 17 17 17 17  5  8 17 17  4 17  5 17  4 17 17 17 17  5 17  4 17 17 17 17  5 17  4 17 17 17 17 17  4 17 17  5  5 17  4 17 17  5  9 12  4  5  9  1 17 17  4  1 17  5  8  1 17 17  4 17 17 17 17 17 17  5 17  4 17 17  5  3  4 17  5  8 17  4 17 17 17 17 17  5 17  4 17 17 17  5 17  4 17 17  5  9 17 17  9  1 17  4  1 17  1 17  1 17  1 17  5  8  1 17 17 17 17 17 17 17  4 17  5 17 17 17 17  4 17  5 17 17 17 17 17 17 17 17  9  1 17  4  1 17  1 17  1 17  1 17  5  8 17  4 17 17 17 17 17 17 17 17  5 17  4 17 17 17 17 17 17  5 17  4 17 17 17 17 17 17 17 17 17 17 17  5  9
bills_04.c 
 15  1 17 17  4  1 17  5  1 17  4  1 17  1 17  1 17  1 17  5  1 17  4  1 17  1 17  1 17  1 17  5  1 17  4  1  5  8  1 17  1 17  1 17  1 17  1 17 17  3  4 17 17 17 17  5  8 17 17  4 17  5 17  4 17 17 17 17  5 17  4 17 17 17 17  5 17  4 17 17 17 17 17 17 17  5 17  4 17 17  5  9 12  4  5  9  1 17 17  4  1 17  5  8 17  4 17 17 17 17 17 17 17 17  5 17  4 17 17  5  3  4  4  1  5 17  5  8 17  4 17 17 17 17 17 17 17 17 17  5 17  4 17 17 17 17 17  5 17  4 17 17  5  9  9  1 17  4  1 17  1 17  1 17  1 17  5  8 17  3  4 17  5  8 17 17  9 17  3  4 17  5  8 17 17  9 17  3  4 17  5  8 17 17  9  9  1 17  4  1 17  1 17  1 17  1 17  5  8 17  4 17 17 17 17 17 17 17 17  5 17  4 17 17 17 17 17 17  5 17  4 17 17 17 17 17 17 17 17 17 17 17  5  9
bills_05.c 
 15 15  1 17 17  4  1 17  5  1 17  4  1 17  1 17  1 17  1 17  5  1 17  4  1 17  1 17  1 17  1 17  5  1 17  4  1  5  8  1 17  1 17 17  1 17 17  1 17 17  1 17 17  3  4 17 17 17 17  5  8 17 17  4 17  5 17  4 17 17 17 17 17 17 17  5 17  4 17 17 17 17 17 17 17  5 17  4 17 17 17 17 17  4 17 17  5  5 17  4 17 17  5  9 12  4  5  9  1 17 17  4  1 17  5  8  1 17  1 17 17  4 17 17 17 17 17 17 17 17  5 17  4 17 17  5 17 17  3  4 17  5  8 17  4 17 17 17 17 17  5 17  4 17 17 17 17  5 17  4 17 17  5 17 17  9 17 17  9  1 17  4  1 17  1 17  1 17  1 17  5  8  1 17 17 17  3  4 17  5  8 10  4 17  5  8 17 17  9 11 10  4 17  5  8 17 17  9 11  8 17 17  9  9 17 17 17 17 17 17  9  1 17  4  1 17  1 17  1 17  1 17  5  8 17  4 17 17 17 17 17 17 17 17  5 17  4 17 17 17 17 17 17  5 17  4 17 17 17 17 17 17 17 17 17 17 17 17  5  9
bills_06.c 
 15  1 17 17  4  1 17  5  1 17  4  1 17  1 17  1 17  1 17  5  1 17  4  1 17  1 17  1 17  1 17  5  1 17  4  1  5  8  1 17 17 17 17  1 17 17  3  4 17 17 17 17  5  8 17 17  4 17  5 17  4 17 17 17 17  5 17  4 17 17 17 17  5 17  4 17 17 17 17 17  4 17 17  5  5 17  4 17 17  5  9 12  4  5  9  1 17 17  4  1 17  5  8 17  4 17 17 17 17 17 17 17 17 17  5 17  4 17 17 17 17 17 17  5 17  4 17 17  5  3  4 17 17  5  8 17  4 17 17 17 17 17 17 17 17 17 17 17  5 17  4 17 17  5  9  9  1 17  4  1 17  1 17  1 17  1 17  5  8 17 17 17  4 17  5 17  4  4 17  5  5  9  1 17  4  1 17  1 17  1 17  1 17  5  8 17  4 17 17 17 17 17 17 17  5 17  4 17 17 17 17 17 17 17 17  5 17  4 17 17 17 17 17 17 17 17  5 17  4 17 17 17 17 17 17 17 17 17  5  9
bills_07.c 
 15  1 17 17  4  1 17  5  1 17  4  1 17  1 17  1 17  1 17  5  1 17  4  1 17  1 17  1 17  1 17  5  1 17  4  1  5  8  1 17  1 17  1 17  1 17  1 17 17  3  4 17 17 17 17  5  8 17 17  4 17  5 17  4 17 17 17 17  5 17  4 17 17 17 17  5 17  4 17 17 17 17 17 17 17 17  5 17  4 17 17 17 17  5 17  4 17 17  5  9 12  9  1 17 17  4  1 17  5  8 17  4 17 17 17 17 17 17 17 17 17 17  5 17  4 17 17  5  3  4 17  5  8 17  4 17 17 17 17 17 17 17 17 17 17  5 17  4 17 17 17  5 17  4 17 17  5  9  9  1 17  4  1 17  1 17  1 17  1 17  5  8  1 17 17 17 17 17 17 17 17 17 17 17 17  9  1 17  4  1 17  1 17  1 17  1 17  5  8 17  4 17 17 17 17 17 17  5 17  4 17 17 17  5 17  4 17 17 17  5 17  4 17 17 17 17  5  9
bills_08.c 
  1 17 17  4  1 17  5  1 17  4  1 17  1 17  1 17  1 17  5  1 17  4  1 17  1 17  1 17  1 17  5  1 17  4  1  5  8  1 17  1 17  1 17  1 17  1 17 17  3  4 17 17 17 17  5  8 17 17  4 17  5 17  4 17 17 17 17  5 17  4 17 17 17 17  5 17  4 17 17 17 17 17  4 17 17  5  5 17  4 17 17  5  9 12  9  1 17 17  4  1 17  5  8 17  4 17 17 17 17 16 17 17  5 17  4 17 17  5  3  4 17  5  8 17  4 17 17 17 17 17  5 17  4 17 17 17 17  5 17  4 17 17  5  9  9  1 17  4  1 17  1 17  1 17  1 17  5  8  1 17  1 17 17 17 17 17 17 17 17 17 17 17 17 17 17 17  9  1 17  4  1 17  1 17  1 17  1 17  5  8 17  4 17 17 17 17 17 17 17 17  5 17  4 17 17 17 17 17 17  5 17  4 17 17 17 17 17 17 17 17 17 17  5  9
bills_09.c 
 15  1 17 17  4  1 17  5  1 17  4  1 17  1 17  1 17  1 17  5  1 17  4  1 17  1 17  1 17  1 17  5  1 17  4  1  5  8  1 17 17 17 17  1 17 17  3  4 17 17 17 17  5  8 17 17  4 17  5 17  4 17 17 17 17  5 17  4 17 17 17 17  5 17  4 17 17 17 17 17  4 17 17  5  5 17  4 17 17  5  9 12  4  5  9  1 17 17  4  1 17  5  8  1 17 17  4 17 17 17 17 16 17 17  5 17  4 17 17  5  3  4 17  5  8 17  4 17 17 17 17 17  5 17  4 17 17 17  5 17  4 17 17  5  9 17 17  9  1 17  4  1 17  1 17  1 17  1 17  5  8  1 17 17 17 17 17 17 17  4 17  5 17 17 17 17  4 17  5 17 17 17 17 17 17 17 17  9  1 17  4  1 17  1 17  1 17  1 17  5  8 17  4 17 17 17 17 17 17 17 17  5 17  4 17 17 17 17 17 17  5 17  4 17 17 17 17 17 17 17 17 17 17 17  5  9
bills_10.c 
 15  1 17 17  4  1 17  5  1 17  4  1 17  1 17  1 17  1 17  5  1 17  4  1 17  1 17  1 17  1 17  5  1 17  4  1  5  8  1 17 17 17 17  1 17 17 17  3  4 17 17 17 17  5  8 17 17  4 17  5 17  4 17 17 17 17  5 17  4 17 17 17 17  5 17  4 17 17 17 17 17  4 17 17  5 17  5 17  4 17 17  5  9 12  4  5  9  1 17 17  4  1 17  5  8  1 17  1 17 17  4 17 17 17 17 16 17 17  5 17  4 17 17  5 17 17  3  4 17  5  8 17  4 17 17 17 17 17  5 17  4 17 17 17 17  5 17  4 17 17  5 17 17  9 17 17  9  1 17  4  1 17  1 17  1 17  1 17  5  8 10  4 17  5  8 17 17 17 17 17 17  9 11 10  4 17 17  5  8 17 17 17 17  4 17 17  5  9 11  8 17 17 17  9  9  1 17  4  1 17  1 17  1 17  1 17  5  8 17  4 17 17 17 17 17 17 17 17  5 17  4 17 17 17 17 17 17 17  5 17  4 17 17 17 17 17 17 17 17 17 17 17 17  5  9
bills_11.c 
 15 15  1 17 17  4  1 17  5  1 17  4  1 17  1 17  1 17  1 17  5  1 17  4  1 17  1 17  1 17  1 17  5  1 17  4  1  5  8  1 17  1 17 17 17  1 17 17 16  8 17  4 17 17 17  4 17 17  5  5 17  4 17 17 17  5 10  4 17 17 17 17 17 17  5  8 17 17  4 17  5 17  4 17 17 17 17  5 17  4 17 17 17 17  5  9  9  3  4 17 17 17 17 17 17  5 12  9  1 17 17  4  1 17  5  8  1 17 17 16  8 17  4 17 17 17 17 17 17 17  5 17  4 17 17  5 17 17  4 17  5 10  4 17 17  5  8 17  4 17 17 17 17 17 17 17 17 17 17  5  9  9  3  4 17 17  5  9  1 17  4  1 17  1 17  1 17  1 17  5  8  1 17 17 17 17 17 17 17 17 17 17 17  4 17 17 17  5 17 17  4 17  4 17 17  5  4 17 17  5  5 17 17 17 17 17 17 17 17 17  9  1 17  4  1 17  1 17  1 17  1 17  5  8 17  4 17 17 17 17 17 17 17 17 17  5 17  4 17 17 17 17 17 17 17 17 17  5 17  4 17 17 17 17 17 17 17 17 17  5  9
bills_12.c 
 15 15  1 17 17  4  1 17  5  1 17  4  1 17  1 17  1 17  1 17  5  1 17  4  1 17  1 17  1 17  1 17  5  1 17  4  1  5  8  8 17 17  4 17  5 17  4 17 17 17 17  5 17  4 17 17 17 17  5 17  4 17 17 17 17 17  4 17 17  5  5 17  4 17 17 17  5 10  4 17 17 17 17 17 17  5  8  9 12  9  1 17 17  4  1 17  5  8 17  4 17 17 17 16 17 17  5 17  4 17 17  5  3  4 17  5  8 17  4 17 17 17 17  5 17  4 17 17 17 17  5 17  4 17 17  5  9  9  1 17  4  1 17  1 17  1 17  1 17  5  8  1 17 17  1 17 17 17 17 17 17 17  4 17  5 17 17 17 17 17 17 17  4 17 17  5 17 17 17  9  1 17  4  1 17  1 17  1 17  1 17  5  8  1 17 17 17  4 17 17 17 17 17 17 17  5 17  4 17 17 17 17 17  5 17  4 17 17 17 17 17 17 17 17 17  5  9
bills_13.c 
 15 15  1 17 17  4  1 17  5  1 17  4  1 17  1 17  1 17  1 17  5  1 17  4  1 17  1 17  1 17  1 17  5  1 17  4  1  5  8  1 17  1 17  1 17  1 17  1 17 17  3  4 17 17 17 17  5  8 17 17  4 17  5 17  4 17 17 17 17  5 17  4 17 17 17 17  5 17  4 17 17 17 17 17  4 17 17  5  5 17  4 17 17  5  9 12  9  1 17 17  4  1 17  5  8 17  4 17 17 17 17 17 17  5 17  4 17 17  5  3  4 17  5  8 17  4 17 17 17 17 17  5 17  4 17 17 17  5 17  4 17 17  5  9 17  4 17 17 17 17 17 17 17 17  5  9  1 17  4  1 17  1 17  1 17  1 17  5  8 17 17 17  4 17  4 17  5  5 17  4 17  4 17  5  4 17  5  5  9  1 17  4  1 17  1 17  1 17  1 17  5  8 17  4 17 17 17 17 17 17  5 17  4 17 17 17 17 17 17 17 17 17 17 17  5  9
bills_14.c 
 15  1 17 17  4  1 17  5  1 17  4  1 17  1 17  1 17  1 17  5  1 17  4  1 17  1 17  1 17  1 17  5  1 17  4  1  5  8  1 17 17 17 17  1 17 16  8 17 17  4 17  5 17  4 17 17 17 17  5 17  4 17 17 17 17  5 17  4 17 17 17 17 17  4 17 17  5 17  5 17  4 17 17  5  9  3  4 17 17 17 17  5 12  4  5  9  1 17 17  4  1 17  5  8 17  4 17 17 17 17 17 17 17  5 17  4 17 17  5  3  4  4 17  5  5  8 17  4 17 17 17 17 17 17 17 17 17 17  5 17  4 17 17  5  9  9  1 17  4  1 17  1 17  1 17  1 17  5  8  1 17 10  4 17  5  8 17 17 17 17 10  4 17  5  8 17  4 17  5 17  4 17  5  9 11 10  4 17  5 17 10  4 17  5 17  4  4 17  5  5 11 10  4 17  5 17  9 11 10  4 17  5  8 17 17 17 17 10  4 17  5 17  4 17  5 11 17  9 11  8 17 17  9  9  1 17  4  1 17  1 17  1 17  1 17  5  8 17  4 17 17 17 17 17 17 17 17  5 17  4 17 17 17 17 17 17 17 17 17 17 17 17 17 17 17 17 17  5  9
bills_15.c 
 15  1 17 17  4  1 17  5  1 17  4  1 17  1 17  1 17  1 17  5  1 17  4  1 17  1 17  1 17  1 17  5  1 17  4  1  5  8  1 17 17 17 17  1 17 17  3  4 17 17 17 17  5  8 17 17  4 17  5 17  4 17 17 17 17  5 17  4 17 17 17 17  5 17  4 17 17 17 17 17  4 17 17  5  5 17  4 17 17  5  9 12  9  1 17 17  4  1 17  5  8 17  4 17 17 17 17 16 17 17  5 17  4 17 17  5  3  4 17  5  8 17  4 17 17 17 17 17  5 17  4 17 17 17  5 17  4 17 17  5  9  9  1 17  4  1 17  1 17  1 17  1 17  5  8 17 17 17 17 17 17  9  1 17  4  1 17  1 17  1 17  1 17  5  8 17  4 17 17 17 17 17 17 17 17  5 17  4 17 17 17 17 17 17 17  5 17  4 17 17 17 17 17 17 17 17 17 17 17 17  5  9
bills_16.c 
 15  1 17 17  4  1 17  5  1 17  4  1 17  1 17  1 17  1 17  5  1 17  4  1 17  1 17  1 17  1 17  5  1 17  4  1  5  8  1 17  1 17  1 17  1 17  1 17 17 17  3  4 17 17 17 17  5  8 17 17  4 17  5 17  4 17 17 17 17  5 17  4 17 17 17 17  5 17  4 17 17 17 17 17  4 17 17  5 17  5 17  4 17 17  5  9 12  9  1 17 17  4  1 17  5  8 17  4 17 17 17 17 16 17 17  5 17  4 17 17  5  3  4 17  5  8 17  4 17 17 17 17 17 17 17  5 17  4 17 17  5  9  9  1 17  4  1 17  1 17  1 17  1 17  5  8 17 17 17 17 17  4 17 17  5  9  1 17  4  1 17  1 17  1 17  1 17  5  8 17  4 17 17 17 17 17 17 17 17  5 17  4 17 17 17 17 17 17  5 17  4 17 17 17 17 17 17 17 17 17 17 17 17  5  9
bills_17.c 
 15  1 17 17  4  1 17  5  1 17  4  1 17  1 17  1 17  1 17  5  1 17  4  1  5  8  1 17 17 17 17  1 17 17 17  3  4 17 17 17 17  5  8 17 17  4 17  5 17  4 17 17 17 17  5 17  4 17 17  2 17 17 17  5 17  4 17 17 17 17 17 17 17  5 17  4 17 17 17 17 17 17 17  5 17  4 17 17 17 17 17 17 17 17 17 17  5 17  4 17 17 17 17 17  4 17 17  5  5 17  4 17 17  5  9 12  9  1 17 17  4  1 17  5  8 17  4 17 17 17 17 16 17 17  5 17  4 17 17  5  3  4 17  5  8 17  4 17 17 17 17  5 17  4 17 17 17  5 17  4 17 17  5  9  9  1 17  4  1 17  1 17  1 17  1 17  5  8 17 17 17  4 17  5 17  4  4 17  5  5  9
bills_18.c 
 15  1 17  4  5  1 17 17  4  1 17  5  1 17  4  1 17  1 17  1 17  1 17  5  1 17  4  1 17  1 17  1 17  1 17  5  1 17  4  1  5  8  1 17 17 17 17  1 17 17 17  4  5  3  4 17 17 17 17  5  8 17 17  4 17  5 17  4 17 17 17 17  5 17  4 17 17 17 17  5 17  4 17 17 17 17 17  4 17 17  5  5 17  4 17 17  5  9 12  4  5  9  1 17  4  5  8 17  4 17 17 17 17 17 17 17 17 17 17 17 17 17 17  5 17  4 17 17 17 17 17 17 17 17 17 17 17 17 17 17  5 17  4 17 17 17 17 17 17  5  9  1 17 17  4  1 17  5  8  1 17 17 17  4 17 17 17 17 17 17  5 17  4 17 17  5 17 17  3  4 17  5  8 17  4 17 17 17 17 17  5 17  4 17 17 17  5 17  4 17 17  5 17 17  9 17 17  9  1 17  4  1 17  1 17  1 17  1 17  5  8  1 17 17 17  3  4 17  5  8 10  4 17  5  8 17 17  9 11 10  4 17  5  8 17 17  9 11  8 17 17  9  9 17 17 17 17 17 17  9  1 17  4  1 17  1 17  1 17  1 17  5  8 17  4 17 17 17 17 17 17 17 17  5 17  4 17 17 17 17 17 17  5 17  4 17 17 17 17 17 17 17 17 17 17 17 17  5  9
bills_19.c 
 15  1 17 17  4  1 17  5  1 17  4  1 17  1 17  1 17  1 17  5  1 17  4  1 17  1 17  1 17  1 17  5  1 17  4  1  5  8  1 17  1 17 17 17 17  1 17  3  4 17  5  8 17 17  4 17  5 17  4 17 17 17 17  5 17  4 17 17 17 17  5 17  4 17 17 17 17 17  5 17  4 17 17  5 10  4 17 17 17 17  5  8 17  9 11 10  4 17 17 17 17  5  8  9 11  8  1 17  3  4 17  5  8 17  4 17 17  5 17  4 17 17  5 10  4 17 17 17 17  5  8 12  9 11 10  4 17 17 17 17  5  8 17  9  9  9  9 12  9  1 17 17  4  1 17  5  8 17  4 17 17 17 17 17 17  5 17  4 17 17  5  3  4 17  5  8 17  4 17 17 17 17 17 17  5 17  4 17 17 17  5 17  4 17 17  5  9 12  9  1 17  4  1 17  1 17  1 17  1 17  5  8 17 17 17 17  4 17  5 17 17 17 17  4 17  5 17 17 12  9  1 17  4  1 17  1 17  1 17  1 17  5  8 17  4 17 17 17 17 17 17 17 17 17  5 17  4 17 17 17 17 17 17  5 17  4 17 17 17 17 17 17 17 17 17 17 17  5 12  9
bills_20.c 
 15  1 17 17  4  1 17  5  1 17 17  4  1 17  1 17 17  1 17 17  1 17 17  5  1 17 17  4  1 17  1 17 17  1 17 17  1 17 17  5  1 17  4  1  5  8  1 17 17 17 17 17 17 17  1 17 17  4 17 17 17 17 17 17 17 17 17  5 16  8 17 17 17 17 17 17 17 17  4 17  5 17 17  4 17 17 17 17 17 17 17  5 17 17  4 17 17 17 17 17 17 17  5 17  4 17 17 17 17 17  4 17 17  5  5 17  4 17 17  5  9  3  4 17 17  5 12  9  1 17 17  4  1 17  5  8  1 17 17 17 17  1 17 16  8 17  4 17 17 17 17  5 17 17 17  4 17 17  5 10  4 17 17  5  8 17  4 17 17  5 17  4 17 17 17 17 17 17  5 17 17  9 11 10  4 17  5  8 17  4 17 17 17 17 17 17 17  5 17 17  9 11  8 17 17  9  9  3  4 17 17  5  9  1 17 17  4  1 17  1 17 17  1 17 17  1 17 17  5  8  3  4 17  5  8 10  4 17  5  8 17 17 17  9 11 10  4 17  5  8 17 17 17  9 11  8 17 17 17  9  9  9  1 17 17  4  1 17  1 17 17  1 17 17  1 17 17  5  8 17  4 17 17 17 17 17 17 17 17  5 17  4 17 17 17 17 17 17 17 17 17 17 17 17 17 17 17  5  9
bills_21.c 
 15  1 17 17  4  1 17  5  1 17 17  4  1 17  1 17  1 17  1 17  5  1 17 17  4  1 17  1 17  1 17  1 17  5  1 17  4  1  5  8  1 17 17 17 17  1 17 17 17  3  4 17 17 17 17  5  8 17 17  4 17  5 17 17  4 17 17 17 17  5 17 17  4 17 17 17 17  5 17  4 17 17 17 17 17 17 17 17 17 17  5 17  4 17 17  5  9 12  4  5  9  1 17 17  4  1 17  5  8 17  4 17 17 17 17 17 17 17 17 17 17 17 17  5 17  4 17 17  5  3  4 17  5  8 17  4 17 17 17 17 17 17 17 17 17 17 17  5 17  4 17 17  5  9 12  4  5  9  1 17 17  4  1 17  1 17  1 17  1 17  5  8  1 17 17 10  4 17  5  8 17 17 17 17  9 11 10  4 17  5  8 17 17 17 17 17 17 17 17 17 17  9 11 10  4 17  5  8 17 17 17 17 17 17 17 17 17 17  9 12  4  5  9  1 17 17  4  1 17  1 17  1 17  1 17  5  8 17  4 17 17 17 17 17 17 17 17  5 17  4 17 17 17 17  5 17  4 17 17  4 17  5 17 17  4 17  5 17 17  4 17  5 17 17 17 17  5 12  4  5  9
bills_22.c 
 15  1 17 17  4  1 17  5  1 17 17 17  4  1 17  1 17  1 17  1 17  5  1 17  4  1 17  1 17  1 17  1 17  5  1 17  4  1  5  8  1 17  1 17  1 17  1 17  1 17 17  3  4 17 17 17 17  5  8 17 17  4 17  5 17 17 17  4 17 17 17 17  5 17  4 17 17 17 17  5 17  4 17 17 17 17 17  4 17 17  5  5 17  4 17 17  5  9 12  4  5  9  1 17 17  4  1 17  5  8 17  4 17 17 17 17 17 17  5 17  4 17 17  5  3  4 17  5  8 17  4 17 17 17 17  5 17  4 17 17 17  5 17  4 17 17  5  9  9  1 17 17 17  4  1 17  1 17  1 17  1 17  5  8 17 17 17 17 17 17  9  1 17  4  1 17  1 17  1 17  1 17  5  8 17  4 17 17 17 17 17 17 17 17 17  5 17  4 17 17 17 17 17 17  5 17  4 17 17 17 17 17 17 17 17 17 17 17  5  9
bills_23.c 
 15  1 17 17  4  1 17  5  1 17  4  1 17  1 17  1 17  1 17  5  1 17  4  1 17  1 17  1 17  1 17  5  1 17  4  1  5  8  1 17 17 17 17  1 17 17 17  4 17 17  5  3  4 17 17 17 17  5  8 17 17  4 17  5 17  4 17 17 17 17  5 17  4 17 17 17 17  5 17  4 17 17 17 17 17 17 17  4 17 17  5  5 17  4 17 17  5  9 12  9  1 17 17  4  1 17  5  8 17  4 17 17 17 17 16 17 17 17 17 17  5 17  4 17 17  5  3  4 17  5  8 17  4 17 17 17 17 17 17 17 17 17 17  5 17  4 17 17  5  9  9  1 17  4  1 17  1 17  1 17  1 17  5  8 17 17 17 17 17 17 17 17 17 17  9  1 17  4  1 17  1 17  1 17  1 17  5  8 17  4 17 17 17 17 17 17 17 17  5 17  4 17 17 17 17 17 17  5 17  4 17 17 17 17 17 17 17 17 17 17 17  5  9
bills_24.c 
 15  1 17 17  4  1 17  5  1 17  4  1 17  1 17 17  1 17 17  1 17 17  5  1 17  4  1 17  1 17 17  1 17 17  1 17 17  5  1 17  4  1  5  8  1 17  1 17  1 17  1 17  1 17 17  3  4 17 17 17 17  5  8 17 17  4 17  5 17  4 17 17 17 17  5 17  4 17 17 17 17  5 17  4 17 17 17 17 17 17 17  4 17 17  5  5 17  4 17 17  5  9 12  4  5  9  1 17 17  4  1 17  5  8 17  4 17 17 17 17 17 17  5 17  4 17 17  5  3  4 17  5  8 17  4 17 17 17 17 17  5 17  4 17 17 17 17  5 17  4 17 17  5  9  9  1 17  4  1 17  1 17 17  1 17 17  1 17 17  5  8  1 17 17 17 17 17 17 17 17 17 17 17 17 17 17  9  1 17  4  1 17  1 17 17  1 17 17  1 17 17  5  8 17  4 17 17 17 17 17 17 17 17 17  5 17  4 17 17 17 17 17 17  5 17  4 17 17 17 17 17 17 17 17 17 17 17 17 17 17  5  9
bills_25.c 
 15 15  1 17 17  4  1 17  5  1 17 17  4  1 17  1 17  1 17  1 17  5  1 17 17  4  1 17  1 17  1 17  1 17  5  1 17  4  1  5  8  1 17  1 17  1 17  1 17  1 17 17  3  4 17 17 17 17  5  8 17 17  4 17  5 17 17  4 17 17 17 17  5 17 17  4 17 17 17 17  5 17  4 17 17 17 17 17  4 17 17  5  5 17  4 17 17  5  9 12  4  5  9  1 17 17  4  1 17  5  8  1 17 17  4 17 17 17 17 17 17  5 17  4 17 17  5 17 17 10  4 17  5 11  8 17  4 17 17 17 17 17  5 17  4 17 17 17 17 17  5 17  4 17 17  5  9  9  1 17 17  4  1 17  1 17  1 17  1 17  5  8 17 17 17 17  4 17  5 17 17 17 17  4 17  5 17 17  9  1 17 17  4  1 17  1 17  1 17  1 17  5  8 17  4 17 17 17 17 17 17 17 17  5 17  4 17 17 17 17 17 17  5 17  4 17 17 17 17 17 17 17 17 17 17  5  9
bills_26.c 
 15 15  1 17 17  4  1 17  5  1 17  4  1 17  1 17  1 17  1 17  5  1 17  4  1 17  1 17  1 17  1 17  5  1 17  4  1  5  8  1 17  1 17  1 17  1 17  1 17 16  8 17 17  4 17  5 17  4 17 17 17 17  5 17  4 17 17 17 17  5 17  4 17 17 17 17 17 17 17 17  5 17  4 17 17  5  9  3  4 17 17 17 17  5 12  4  5  9  1 17 17  4  1 17  5  8 17  4 17 17 17  5 17  4 17 17  5  3  4 17  5  8 17  4 17 17 17 17 17  5 17  4 17 17 17  5 17  4 17 17  5  9  9  1 17  4  1 17  1 17  1 17  1 17  5  8 10  4 17  5  8 17  4 17  5 17 17  4 17  5 17  4 17  5 17 17  4 17  5 17  4 17  5 17 17  4 17  5  9  9  1 17  4  1 17  1 17  1 17  1 17  5  8 17  4 17 17 17 17 17 17 17 17  5 17  4 17 17 17 17 17 17  5 17  4 17 17 17 17 17 17 17 17 17 17 17  5  9
bills_27.c 
 15 15  1 17 17  4  1 17  5  1 17  4  1  5  8  1 17 17 17 17 17 17 17 17 17 17 17 17 16  8 17  4 17 17 17 17 17 17 17 17  5 17  4 17 17  5 17 17  3  4 17  5  8 17  4 17 17 17 17 17 17 17 17 17  5 17  4 17 17 17 17 17 17 17 17  5 17  4 17 17  5 17 17  9 10  4 17  5  8 17  4 17 17 17 17 17  5  9 11 10  4 17  5  8 17  4 17 17 17 17 17  5  9 11 10  4 17  5  8 17  4 17 17 17 17 17  5  9 11 10  4 17  5  8 17  4 17 17 17 17 17  5  9 11 10  4 17  5  8 17  4 17 17 17 17 17  5  9 11  8 17  4 17 17 17 17 17 17 17 17 17 17 17 17 17 17 17 17  5  9 17  4 17 17 17 17 17  4 17 17  5  5 17  4 17 17  5  9  3  4 17 17  5 12  4  5  9
bills_28.c 
 15  1 17 17  4  1 17  5  1 17  4  1 17  1 17  1 17  1 17  5  1 17  4  1 17  1 17  1 17  1 17  5  1 17  4  1  5  8  1 17  1 17  1 17  1 17  1 17 17  3  4 17 17 17 17  5  8 17 17  4 17  5 17  4 17 17 17 17  5 17  4 17 17 17 17  5 17  4 17 17 17 17 17 17 17  5 17  4 17 17  5  9 12  4  5  9  1 17 17  4  1 17  5  8 17  4 17 17 17 17 17 17 17 17 17  5 17  4 17 17  5  3  4 17 17  5  8 17  4 17 17 17 17 17 17 17  5 17  4 17 17 17 17 17 17  5 17  4 17 17 17 17 17 17 17 17  5 17  4 17  5 17  4 17 17  5  9  9  1 17  4  1 17  1 17  1 17  1 17  5  8 17 17 17  4 17  4 17  5  5 17  4 17  4 17  5  4 17  5  5  9  1 17  4  1 17  1 17  1 17  1 17  5  8 17  4 17 17 17 17 17 17 17 17  5 17  4 17 17 17 17 17 17 17 17  5 17  4 17 17 17 17 17 17  5 17  4 17 17 17 17  5  9
bills_29.c 
 15 15  1 17 17  4  1 17  5  1 17  4  1 17  1 17  1 17  1 17  5  1 17  4  1 17  1 17  1 17  1 17  5  1 17  4  1  5  8  1 17  1 17  1 17  1 17  1 17 17  3  4 17 17 17 17  5  8 17 17  4 17  5 17  4 17 17 17 17  5 17  4 17 17 17 17  5 17  4 17 17 17 17 17  4 17 17  5 17  5 17  4 17 17  5  9 12  4  5  9  1 17 17  4  1 17  5  8 17  4 17 17 17 17 17 17 17  5 17  4 17 17  5  3  4  4 17  5  5  8 17  4 17 17 17 17 17 17 17 17 17  5 17  4 17 17  5  9  9  1 17  4  1 17  1 17  1 17  1 17  5  8 17 17 17  4 17  5 17  4  4 17  5  5  9  1 17  4  1 17  1 17  1 17  1 17  5  8 17  4 17 17 17 17 17 17 17 17  5 17  4 17 17 17 17  5 17  4 17 17 17 17  5 17  4 17 17 17 17  5  9
bills_30.c 
 15  1 17 17  4  1 17  5  1 17  4  1 17  1 17  1 17  1 17  5  1 17  4  1 17  1 17  1 17  1 17  5  1 17  4  1  5  8  1 17 17 17 17  1 17 17  3  4 17 17 17 17  5  8 17 17  4 17  5 17  4 17 17 17 17  5 17  4 17 17 17 17  5 17  4 17 17 17 17 17  4 17 17  5 17  5 17  4 17 17  5  9 12  4  5  9  1 17 17  4  1 17  5  8  1 17  1 17 17  4 17 17 17 17 16 17 17  5 17  4 17 17  5 17 17  3  4 17  5  8 17  4 17 17 17 17 17  5 17  4 17 17 17 17  5 17  4 17 17  5 17 17  9 17 17  9  1 17  4  1 17  1 17  1 17  1 17  5  8 10  4 17  5  8 17 17 17 17 17 17  9 11 10  4 17 17  5  8 17 17 17 17  4 17 17  5  9 11  8 17 17 17  9  9  1 17  4  1 17  1 17  1 17  1 17  5  8 17  4 17 17 17 17 17 17 17 17  5 17  4 17 17 17 17 17 17  5 17  4 17 17 17 17 17 17 17 17 17 17 17 17  5  9
bills_31.c 
 15 15  1 17 17  4  1 17  5  1 17  4  1 17  1 17  1 17  1 17  5  1 17  4  1 17  1 17  1 17  1 17  5  1 17  4  1  5  8  1 17  1 17  1 17  1 17  1 17 17  3  4 17 17 17 17  5  8 17 17  4 17  5 17  4 17 17 17 17  5 17  4 17 17 17 17  5 17  4 17 17 17 17 17 17 17 17  5 17  4 17 17  5  9 12  9  1 17 17  4  1 17  5  8  1 17 17  4 17 17 17 17 16 17 17  5 17  4 17 17  5 17 17  3  4 17  5  8 17  4 17 17 17 17 17  5 17  4 17 17 17  5 17  4 17 17  5  9 17 17  9  1 17  4  1 17  1 17  1 17  1 17  5  8 10  4 17  5  8 17 17 17 17  9 11 10  4 17 17  5  8 17 17 17 17  9 11 10  4 17 17  5  8 17 17 17 17  9  9  1 17  4  1 17  1 17  1 17  1 17  5  8 17  4 17 17 17 17 17 17 17 17  5 17  4 17 17 17 17 17 17  5 17  4 17 17 17 17 17 17 17 17 17 17 17  5  9
bills_32.c 
 15  1 17 17  4  1 17  5  1 17  4  1 17  1 17  1 17  1 17  5  1 17  4  1 17  1 17  1 17  1 17  5  1 17  4  1  5  8  1 17  1 17  1 17  1 17  1 17 17  3  4 17 17 17 17  5  8 17 17  4 17  5 17  4 17 17 17 17  5 17  4 17 17 17 17  5 17  4 17 17 17 17 17 17 17  4 17 17  5  5 17  4 17 17  5  9 12  4  5  9  1 17 17  4  1 17  5  8  1 17 17  4 17 17 17 17 17 17  5 17  4 17 17  5  3  4 17  5  8 17  4 17 17 17 17 17  5 17  4 17 17 17  5 17  4 17 17  5  9 17 17  9  1 17  4  1 17  1 17  1 17  1 17  5  8  1 17  1 17 17 17 17 17 17 17 17 17 17 17  9  1 17  4  1 17  1 17  1 17  1 17  5  8 17  4 17 17 17 17 17 17 17  5 17  4 17 17 17 17  5 17  4 17 17 17 17 17 17 17 17 17 17 17  5  9
bills_33.c 
 15  1 17 17  4  1 17  5  1 17  4  1 17  1 17  1 17  1 17  5  1 17  4  1 17  1 17  1 17  1 17  5  1 17  4  1  5  8  1 17  1 17  1 17  1 17  1 17 17  3  4 17 17 17 17  5  8 17 17  4 17  5 17  4 17 17 17 17  5 17  4 17 17 17 17  5 17  4 17 17 17 17 17 17 17 17 17  5 17  4 17 17  5  9 12  9  1 17 17  4  1 17  5  8 17  4 17 17 17 17 17 17 17 17 17 17  5 17  4 17 17 17 17 17 17 17 17 17  5 17  4 17 17  5  3  4 17  5  8 17  4 17 17 17 17 17 17 17 17 17 17  5 17  4 17 17  5  9  9  1 17  4  1 17  1 17  1 17  1 17  5  8  1 17  1 17  1 17  3  4 17  5  8 10  4 17  5  8 17 17 17 17  9 11 10  4 17  5  8 17 17 17 17  9 11  8 17 17 17 17  9  9 17 17 17 17 17 17  9  1 17  4  1 17  1 17  1 17  1 17  5  8 17  4 17 17 17 17 17 17  5 17  4 17 17 17 17 17 17  4 17  5 17 17  5 17  4 17 17 17 17 17 17  4 17  5 17 17  5 17  4 17 17 17 17 17 17  4 17  5 17 17 17 17  5  9
bills_34.c 
 15  1 17 17  4  1 17  5  1 17  4  1 17  1 17  1 17  1 17  5  1 17  4  1 17  1 17  1 17  1 17  5  1 17  4  1  5  8  1 17  1 17  1 17  1 17 17 17  4 17  5 17  4 17 17 17 17  5 17  4 17 17 17 17  5 17  4 17 17 17 17 17 17 17 17 17 17 17  5 17 17 12  4  5  9  1 17 17  4  1 17  5  8 17  4 17 17 17  4 17 17 17  5  5 17  4 17 17  5  8 17  4 17 17 17 17 17 17  5 17  4 17 17  5  9  9  1 17  4  1 17  1 17  1 17  1 17  5  8  1 17  2  4 17 17 17  5  8 17 17 17 17 17 17  9  9  1 17  4  1 17  1 17  1 17  1 17  5  8 17  4 17 17 17 17 17 17 17  5 17  4 17 17 17 17 17 17  5 17  4 17 17 17 17 17 17  5 17  4 17 17 17 17 17 17  5  9
bills_35.c 
 15  1 17 17  4  1 17  5  1 17  4  1 17  1 17  1 17  1 17  5  1 17  4  1 17  1 17  1 17  1 17  5  1 17 17  1 17  4  1  5  8  1 17 17 17 17 17  1 17  2  4 17 17 17 17 17  4 17 17  5  5  8 17 17  4 17  5 17  4 17 17 17 17  5 17  4 17 17 17 17  5 17  4 17 17 17 17 17 17 17 17 17  5  9 17  4 17 17 17 17 17  5 12  4  5  9  1 17 17  4  1 17  5  8  1 17 17  4 17 17 17 17 17 17 17 17  5 17  4 17 17  5 17 17  3  4 17  5  8 17  4 17 17 17 17 17  5 17  4 17 17 17 17  5 17  4 17 17  5 17 17  9  9  1 17  4  1 17  1 17  1 17  1 17  5  8  1 17 10  4 17  5  8 17  4 17  5 17 17  4 17  5 17  4 17  5 17  4 17  5 17  4 17  5  9 11 10  4 17 17  5  8 17 17 17 17 17  4 17  5 17 17  9 11 10  4 17  5  8 17 17 17  9  9  1 17  4  1 17  1 17  1 17  1 17  5  8 17  4 17 17 17 17 17 17 17 17 17  5 17  4 17 17 17 17 17 17 17  5 17  4 17 17 17 17 17 17 17 17 17 17  5  9
bills_36.c 
 15  1 17 17  4  1 17  5  1 17  4  1 17  1 17  1 17  1 17  5  1 17  4  1 17  1 17  1 17  1 17  5  1 17  4  1  5  8  1 17  1 17 17 17  1 17 17  3  4 17 17 17 17  5  8 17 17  4 17  5 17  4 17 17 17 17  5 17  4 17 17 17 17  5 17  4 17 17 17 17 17 17 17 17  5 17  4 17 17  5  9 12  9  1 17 17  4  1 17  5  8  1 17  1 17 17  4 17 17 17 17 17 17  5 17  4 17 17  5 17 17  3  4 17  5  8 17  4 17 17 17 17 17  5 17  4 17 17 17  5 17  4 17 17  5  9 17 17  9  1 17  4  1 17  1 17  1 17  1 17  5  8 17 17 17  4 17  5 17  4 17  5  9  1 17  4  1 17  1 17  1 17  1 17  5  8 17  4 17 17 17 17 17 17 17 17  5 17  4 17 17 17 17 17 17  5 17  4 17 17 17 17 17 17 17 17 17 17 17  5  9
bills_37.c 
 15 15  1 17 17  4  1 17  5  1 17 17  4  1 17  1 17  1 17  1 17  5  1 17 17  4  1 17  1 17  1 17  1 17  5  1 17  4  1  5  8  1 17  1 17  1 17  1 17  1 17 16  8 17 17  4 17  5 17 17  4 17 17 17 17  5 17 17  4 17 17 17 17  5 17  4 17 17 17 17 17 17 17 17  5 17  4 17 17  5  9  3  4 17 17 17 17  5 12  4  5  9  1 17 17  4  1 17  5  8 17  4 17 17 17 17 17 17 17 17  5 17  4 17 17  5  3  4 17  5  8 17  4 17 17 17 17 17 17  5 17  4 17 17 17 17  5 17  4 17 17  5  9  9  1 17 17  4  1 17  1 17  1 17  1 17  5  8 10  4 17  5  8 17  4 17  5 17 17  4 17  5 17  4 17  5 17 17  4 17  5 17  4 17  5 17 17  4 17  5  9  9  1 17 17  4 17 17 17 17  5  8 17  4 17 17 17 17 17 17 17 17  5 17  4 17 17 17 17 17 17  5 17  4 17 17 17 17 17 17 17 17 17 17 17  5  9
bills_38.c 
 15  1 17 17  4  1 17  5  8 17  4 17 17 17 17 17 17 17  5 17  4 17 17  5  3  4 17  5  8 17  4 17 17 17 17 17  5 17  4 17 17 17  5 17  4 17 17  5  9 12  4  5  9  1 17  4  1 17  1 17  1 17  1 17  5  8  1 17 17 17 17 10  4 17  5  8 17 17 17 17  9 11 10  4 17  5  8 17 17 17 17 17 17 17 17 17 17 17 17 17 17 17  9 11  8 17 17 17 17 17 17 17 17 17 17 17 17 17 17 17  9 12  4  5  9  1 17  4  1 17  1 17  1 17  1 17  5  8 17  4 17 17 17 17 17 17 17 17 17  5 17  4 17 17 17 17 17 17  5 17  4 17 17 17 17 17 17  4 17  5 17 17 17 17  5 12  4  5  9  1 17  4  1  5  8  1 17 17 17 17  1 17 17 17  3  4 17 17 17 17  5  8 17 17  4 17  5 17  4 17 17 17 17  5 17  4 17 17 17 17  5 17  4 17 17 17 17 17 17 17  4 17 17  5  5 17  4 17 17  5  9 12  4  5  9
bills_39.c 
 15  1 17 17  4  1 17  5  1 17  4  1 17  1 17  1 17  1 17  5  1 17  4  1 17  1 17  1 17  1 17  5  1 17 17  1 17  4  1  5  8  1 17  1 17 17 17  1 17  2  4 17 17 17 17 17  4 17 17  5  5  8 17 17  4 17  5 17  4 17 17 17 17  5 17  4 17 17 17 17  5 17  4 17 17 17 17 17 17 17 17 17 17  5  9 17  4 17 17 17 17 17  5 12  4  5  9  1 17 17  4  1 17  5  8  1 17 17  4 17 17 17 17 17 17 17 17 17  5 17  4 17 17  5 17 17  3  4 17  5  8 17  4 17 17 17 17 17  5 17  4 17 17 17 17 17  5 17  4 17 17  5 17 17  9  9  1 17  4  1 17  1 17  1 17  1 17  5  8  1 17 10  4 17  5  8 17  4 17  5 17 17  4 17  5 17  4 17  5 17 17  4 17  5 17 17  9 11 10  4 17 17  5  8 17 17  4 17  5 17 17  4 17  5 17 17  9 11 10  4 17  5  8 17 17 17  9  9  1 17  4  1 17  1 17  1 17  1 17  5  8 17  4 17 17 17 17 17 17 17 17  5 17  4 17 17 17 17 17 17  5 17  4 17 17 17 17 17 17 17 17 17 17  5  9
bills_40.c 
 15  1 17 17  4  1 17  5  1 17 17  4  1 17  1 17  1 17  1 17  5  1 17 17  4  1 17  1 17  1 17  1 17  5  1 17  4  1  5  8  1 17 17  1 17 17  1 17 17  1 17 17  1 17 16  8 17 17  4 17 17  5 17 17  4 17 17 17 17 17 17 17 17  5 17 17  4 17 17 17 17 17 17 17 17  5 17  4 17 17 17 17 17 17 17  4 17 17  5  5 17  4 17 17  5  9  3  4 17 17 17 17  5 17  4 17  5 12  4  5  9  1 17 17  4  1 17  5  8  1 17  1 17 17  1 17 17 17  4 17 17 17 17  5 17 17 17  4 17 17  5  3  4 17 17  5  8 17  4 17 17 17  5 17  4 17 17 17 17 17 17 17  5 17  4 17 17 17 17  5 17 17 17  4 17 17  5  9 17 17  3  4 17  5  8 17  4 17 17 17 17 17  5 17  4 17 17 17 17  5 17  4 17 17  5 17 17  9  9  1 17 17  4  1 17  1 17  1 17  1 17  5  8  1 17 17 17 17 17 17 17 17 17 17 17  9  1 17 17  4  1 17  1 17  1 17  1 17  5  8 17  4 17 17 17 17 17 17 17 17  5 17  4 17 17 17 17 17 17  5 17  4 17 17 17 17 17 17 17 17 17 17  5  9
bills_41.c 
 15  1 17 17  4  1 17  5  1 17  4  1 17  1 17  1 17  1 17  5  1 17  4  1 17  1 17  1 17  1 17  5  1 17  4  1  5  8  1 17 17  1 17 17 17 17  3  4 17 17 17 17  5  8 17 17  4 17  5 17  4 17 17 17 17  5 17  4 17 17 17 17  5 17  4 17 17 17 17  5 17  4 17 17  5  9 12  4  5  9  1 17 17  4  1 17  5  8  1 17 17 17  4 17 17 17 17 17 17 17 17 17  5 17  4 17 17  5 17 17 10  4 17  5 17 17 11  8 17  4 17 17 17 17 17  5 17  4 17 17 17 17  5 17  4 17 17  5  9  9  1 17  4  1 17  1 17  1 17  1 17  5  8  1 17 17 10  4 17  5  8 17 17 17 17  4 17  5 10  4 17  5  8 17 17 17 17  4 17  5 17 17  9 11  8 17 17 17  9  9 11 10  4  4 17  5  4 17  5  5  8 17 17 17 17 17 17 17  9 11 17 17 17 17  9  1 17  4  1 17  1 17  1 17  1 17  5  8 17  4 17 17 17 17 17 17 17  5 17  4 17 17  4 17  5 17 17  4 17  5 17 17  4 17  5 17 17 17 17 17 17 17  5  9
bills_42.c 
 15 15  1 17 17  4  1 17  5  1 17 17  4  1 17  1 17  1 17  1 17  5  1 17 17  4  1 17  1 17  1 17  5  1 17  4  1  5  8  1 17  1 17  1 17  1 17  1 17 17  3  4 17 17 17 17  5  8 17 17  4 17  5 17 17  4 17 17 17 17  5 17 17  4 17 17 17  5 17  4 17 17 17 17 17 17 17 17 17  5 17  4 17 17  5  9 12  4  5  9  1 17 17  4  1 17  5  8 17  4 17 17 17 17 17 17 17  5 17  4 17 17  5  3  4 17  5  8 17  4 17 17 17 17 17 17  5 17  4 17 17 17  5 17  4 17 17  5  9 17  4 17 17 17 17 17 17 17  5  9  1 17 17  4  1 17  1 17  1 17  1 17  5  8  1 17  1 17  1 17  3  4 17  5  8 10  4 17  5  8 17 17  9 11 10  4 17  5  8 17 17  9 11  8 17 17  9  9 17 17 17 17 17 17  9  1 17 17  4  1 17  1 17  1 17  5  8 17  4 17 17 17 17 17 17 17  5 17  4 17 17 17 17 17 17 17 17 17 17 17  5  9
bills_43.c 
 15  1 17 17  4  1 17  5  1 17  4  1 17  1 17  1 17  1 17  5  1 17  4  1 17  1 17  1 17  1 17  5  1 17  4  1  5  8  1 17  1 17  1 17  1 17  1 17 17  3  4 17 17 17 17  5  8 17 17  4 17  5 17  4 17 17 17 17  5 17  4 17 17 17 17  5 17  4 17 17 17 17  5 17  4 17 17  5  9 12  4  5  9  1 17 17  4  1 17  5  8 17  4 17 17 17 17 17 17 17 17 17 17 17 17 17  5 17  4 17 17  5  3  4 17  5  8 17  4 17 17 17 17 17  5 17  4 17 17  5  9  9  1 17  4  1 17  1 17  1 17  1 17  5  8  1 17 17  1 17 17 10  4 17  5  8 17 17 17 17  9 11 10  4 17  5  8 17 17 17 17 17 17 17 17 17 17 17 17 17 17 17  9 11 10  4 17  5  8 17 17 17 17 17 17 17 17 17 17 17 17 17 17 17  9 12  4  5  9  1 17  4  1 17  1 17  1 17  1 17  5  8 17  4 17 17 17 17 17 17  5 17  4 17 17 17 17  5 17  4 17 17 17 17  5 17  4 17 17 17 17  5  9
bills_44.c 
 17 17 17 17 17 17  6  6 17  6  6 17 17 17 17 17 17 17 17 17 17 17 17 17 17 17 17 17 17 17 17 17 17 17 17 17 17 17 17 17 17 17 17 17 17 17 17 17 17 17 17 17 17 17 17 17 17 17 17 17 17 17 17 17 17 17 17 17 17 17 17 17 17 17 17 17 17
bills_45.c 
 15  1 17 17  4  1 17  5  1 17  4  1 17  1 17  1 17  1 17  5  1 17  4  1 17  1 17  1 17  1 17  5  1 17  4  1  5  8  1 17 17 17 17  1 17 17  3  4 17 17 17 17  5  8 17 17  4 17  5 17  4 17 17 17 17  5 17  4 17 17 17 17  5 17  4 17 17 17 17 17  4 17 17  5  5 17  4 17 17  5  9 12  4  5  9  1 17 17  4  1 17  5  8  1 17 17  4 17 17 17 17 16 17 17  5 17  4 17 17  5 17 17  3  4 17  5  8 17  4 17 17 17 17  5 17  4 17 17 17  5 17  4 17 17  5 17 17  9  9  1 17  4  1 17  1 17  1 17  1 17  5  8 17  4  1  5 17 17  4  1  5  4 17  5 17  4  4 17  5  5  9  1 17  4  1 17  1 17  1 17  1 17  5  8 17  4 17 17 17 17 17 17 17  5 17  4 17 17 17 17 17 17  5 17  4 17 17 17 17 17 17 17 17 17 17  5  9
bills_46.c 
 15  1 17 17  4  1 17  5  1 17  4  1 17  1 17  1 17  1 17  5  1 17  4  1 17  1 17  1 17  1 17  5  1 17  4  1  5  8  1 17 17 17 17  1 17 17  3  4 17 17 17 17  5  8 17 17  4 17  5 17  4 17 17 17 17  5 17  4 17 17 17 17  5 17  4 17 17 17 17 17  4 17 17  5  5 17  4 17 17  5  9 12  4  5  9  1 17 17  4  1 17  5  8 17  4 17 17 17 17 16 17 17  5 17  4 17 17  5  3  4 17  5  8 17  4 17 17 17 17 17  5 17  4 17 17 17  5 17  4 17 17  5  9  9  1 17  4  1 17  1 17  1 17  1 17  5  8 10  4 17  5  8 17 17 17 17  4 17  5 17 17 17 17  4 17  5 17 17 17 17  4 17  5  9  9  1 17  4  1 17  1 17  1 17  1 17  5  8 17  4 17 17 17 17 17 17 17 17  5 17  4 17 17 17 17 17 17  5 17  4 17 17 17 17 17 17 17 17 17 17 17 17  5  9
bills_47.c 
 15 15  1 17 17  4  1 17  5  1 17  4  1 17  1 17  1 17  1 17  5  1 17  4  1 17  1 17  1 17  1 17  5  1 17  4  1  5  8  1 17  1 17  1 17  1 17  1 17 17  3  4 17 17 17 17  5  8 17 17  4 17  5 17  4 17 17 17 17  5 17  4 17 17 17 17  5 17  4 17 17 17 17 17  4 17 17  5  5 17  4 17 17  5  9 12  9  1 17 17  4  1 17  5  8 17  4 17 17 17 17 16 17 17  5 17  4 17 17  5  3  4 17  5  8 17  4 17 17 17 17 17  5 17  4 17 17 17  5 17  4 17 17  5  9  9  1 17  4  1 17  1 17  1 17  1 17  5  8 17 17 17  4 17  5 17  4  4 17  5  5  9  1 17  4  1 17  1 17  1 17  1 17  5  8 17  4 17 17 17 17 17 17 17 17  5 17  4 17 17 17 17 17 17  5 17  4 17 17 17 17 17 17 17 17 17 17 17 17  5  9
bills_48.c 
 15  1 17 17  4  1 17  5  1 17 17 17  4  1 17  1 17  1 17  1 17  5  1 17  4  1 17  1 17  1 17  1 17  5  1 17  4  1  5  8  1 17  1 17  1 17  1 17  1 17 17  3  4 17 17 17 17  5  8 17 17  4 17  5 17 17 17  4 17 17 17 17  5 17  4 17 17 17 17  5 17  4 17 17 17 17 17 17  4 17 17  5  5 17  4 17 17  5  9 12  9  1 17 17  4  1 17  5  8 17  4 17 17 17 17 16 17 17  5 17  4 17 17  5  3  4  4  4 17  5  5  5  8 17  4 17 17 17 17 17 17  5 17  4 17 17 17 17  5 17  4 17 17  5  9  9  1 17 17 17  4  1 17  1 17  1 17  1 17  5  8 17 17 17  4 17  5 17  4  4 17  5  5  9  1 17  4  1 17  1 17  1 17  1 17  5  8 17  4 17 17 17 17 17 17 17 17  5 17  4 17 17 17 17 17 17 17  5 17  4 17 17 17 17 17 17 17 17 17 17 17 17  5  9
bills_49.c 
 15  1 17 17  4  1 17  5  1 17  4  1 17  1 17  1 17  1 17  5  1 17  4  1 17  1 17  1 17  1 17  5  1 17  4  1  5  8  1 17  1 17  1 17  1 17  1 17 17  3  4 17 17 17 17  5  8 17 17  4 17  5 17  4 17 17 17 17  5 17  4 17 17 17 17  5 17  4 17 17 17 17 17  4 17 17  5  5 17  4 17 17  5  9 12  9  1 17 17  4  1 17  5  8 17  4 17 17 17 17 16 17 17  5 17  4 17 17  5  3  4 17  5  8 17  4 17 17 17 17 17 17 17  5 17  4 17 17  5  9  9  1 17  4  1 17  1 17  1 17  1 17  5  8 17 17 17  4 17 17  5 17  4 17 17 17  5  9  1 17  4  1 17  1 17  1 17  1 17  5  8 17  4 17 17 17 17 17 17 17 17  5 17  4 17 17 17 17 17 17  5 17  4 17 17 17 17 17 17 17 17 17 17 17  5  9
bills_50.c 
 15  1 17 17  4  1 17  5  1 17 17  4  1 17  1 17  1 17  1 17  5  1 17 17  4  1 17  1 17  1 17  1 17  5  1 17  4  1  5  8  1 17 17  1 17 17 17 17  3  4 17 17 17 17  5  8 17 17  4 17  5 17 17  4 17 17 17 17  5 17 17  4 17 17 17 17  5 17  4 17 17 17 17 17 17 17 17  4 17  5  4 17  5  5 17  4 17 17  5  9 12  4  5  9  1 17 17  4  1 17  5  8  3  4 17  5  8 17  4 17 17 17 17 17 17  5 17  4 17 17  5  9  9  1 17 17  4  1 17  1 17  1 17  1 17  5  8  2  4 17 17 17  5 17 17  2  4 17 17 17  5 17 17  2  4 17 17 17  5 17 17  9  1 17 17  4  1 17  1 17  1 17  1 17  5  8 17  4 17 17 17 17 17 17 17 17 17 17 17 17 17 17 17 17  5  9
bills_51.c 
 15 15  1 17 17  4  1 17  5  1 17  4  1 17  1 17  1 17  1 17  5  1 17  4  1 17  1 17  1 17  1 17  5  1 17  4  1  5  8  1 17  1 17  1 17  1 17  1 17 17  3  4 17 17 17 17  5  8 17 17  4 17  5 17  4 17 17 17 17  5 17  4 17 17 17 17  5 17  4 17 17 17 17  5 17  4 17 17  5  9 12  9  1 17 17  4  1 17  5  8  1 17 16  8 17  4 17 17 17 17 17 17 17  5 17  4 17 17  5  9 10  4 17 17 17 17 17 17 17 17 17 17  5  8 17  4 17 17 17 17 17 17 17  5  9 11 10  8 17  4 17 17 17 17 17  5 17  4 17 17 17  5 17  4 17 17  5  9 17 17  9  1 17  4  1 17  1 17  1 17  1 17  5  8  1 17 10  4 17  5 17 11 10  4 17  5 17 11 10  4 17  5 17  9  1 17  4  1 17  1 10  1 17  1 17  5  8 17  4 17 17 17 17  5 17  4 17 17 17 17  5 17  4 17 17 17 17  5 17  4 17 17 17 17 17  5  9
bills_52.c 
 15  1 17 17  4  1 17  5  1 17  4  1 17  1 17  1 17  1 17  5  1 17  4  1 17  1 17  1 17  1 17  5  1 17  4  1  5  8  1 17  1 17  1 17 17 17 16  8 17 17  4 17  5 17  4 17 17 17 17  5 17  4 17 17 17 17  5 17  4 17  5 17  4 17 17 17 17 17  4 17 17  5  5 17  4 17 17  5 17  4 17  5 10  4 17 17 17 17 17 17 17 17  5  8 17  4 17 17 17 17 17  5  9 11  8  9  9  3  4 17 17 17 17  5 12  4  5  9  1 17 17  4  1 17  5  8  1 17 17  4 17 17 17 17 17 17 17  5 17  4 17 17  5 10  4 17  5  8 16  8 17  4 17 17 17 17 17  5 17  4 17 17 17  5 17  4 17 17  5 17 17  9  3  4 17  5  9 11  8  9  9  1 17  4  1 17  1 17  1 17  1 17  5  8 17 17 17  4 17  4 17  5  5 17  4 17  4 17  5  4 17  5  5  9  1 17  4  1 17  1 17  1 17  1 17  5  8 17  4 17 17 17 17 17 17 17 17  5 17  4 17 17 17 17 17 17  5 17  4 17 17  4 17  5 17 17  4 17  5 17 17 17  4 17  5 17 17 17 17  5  9
bills_53.c 
 15  1 17 17  4  1 17  5  1 17  4  1 17  1 17  1 17  1 17  5  1 17  4  1 17  1 17  1 17  1 17  5  1 17  4  1  5  8  1 17 17 17 17  1 17 17  3  4 17 17 17 17  5  8 17 17  4 17  5 17  4 17 17 17 17  5 17  4 17 17 17 17  5 17  4 17 17 17 17 17  4 17 17  5  5 17  4 17 17  5  9 12  4  5  9  1 17 17  4  1 17  5  8  1 17 17  4 17 17 17 17 17 17  5 17  4 17 17  5  3  4 17  5  8 17  4 17 17 17 17 17  5 17  4 17 17 17  5 17  4 17 17  5  9 17 17  9  1 17  4  1 17  1 17  1 17  1 17  5  8  1 17 17 17 17 17 17 17  4 17  5 17 17 17 17  4 17  5 17 17 17 17 17 17 17 17  9  1 17  4  1 17  1 17  1 17  1 17  5  8 17  4 17 17 17 17 17 17 17 17  5 17  4 17 17 17 17 17 17  5 17  4 17 17 17 17 17 17 17 17 17 17 17  5  9
bills_54.c 
 15  1 17 17  4  1 17  5  1 17  4  1 17  1 17  1 17  1 17  5  1 17  4  1 17  1 17  1 17  1 17  5  1 17  4  1  5  8  1 17 17 17 17  1 17 17  3  4 17 17 17 17  5  8 17 17  4 17  5 17  4 17 17 17 17  5 17  4 17 17 17 17  5 17  4 17 17 17 17 17  4 17 17  5  5 17  4 17 17  5  9 12  4  5  9  1 17 17  4  1 17  5  8  1 17 17  4 17 17 17 17 16 17 17  5 17  4 17 17  5  3  4 17  5  8 17  4 17 17 17 17 17  5 17  4 17 17 17  5 17  4 17 17  5  9 17 17  9  1 17  4  1 17  1 17  1 17  1 17  5  8  1 17 17 17 17 17 17 17  4 17  5 17 17 17 17  4 17  5 17 17 17 17 17 17 17 17  9  1 17  4  1 17  1 17  1 17  1 17  5  8 17  4 17 17 17 17 17 17 17 17  5 17  4 17 17 17 17 17 17  5 17  4 17 17 17 17 17 17 17 17 17 17 17  5  9
